0000000000000000000000000000
0111112111111001111112111110
0100001000001001000001000010
0100001000001001000001000010
0100001000001001000001000010
0211112112112112112112111120
0100001001000000001001000010
0100001001000000001001000010
0111112001111001111002111110
0000001000001001000001000000
0000001000001001000001000000
0000001001113113111001000000
0000001001000000001001000000
0000001001000000001001000000
4111112112000000002112111114
0000001001000000001001000000
0000001001000000001001000000
0000001002111111112001000000
0000001001000000001001000000
0000001001000000001001000000
0111112112111001112112111110
0100001000001001000001000010
0100001000001001000001000010
0111002112113113112112001110
0001001001000000001001001000
0001001001000000001001001000
0112111001111001111001112110
0100000000001001000000000010
0100000000001001000000000010
0111111111112112111111111110
0000000000000000000000000000