0000000000000000000000000000
0555555555555005555555555550
0500005000005005000005000050
0500005000005005000005000050
0500005000005005000005000050
0555555555555555555555555550
0500005005000000005005000050
0500005005000000005005000050
0555555005555005555005555550
0000005000001001000005000000
0000005000001001000005000000
0000005001111111111005000000
0000005001000000001005000000
0000005001000000001005000000
4111115111000000001115111114
0000005001000000001005000000
0000005001000000001005000000
0000005001111111111005000000
0000005001000000001005000000
0000005001000000001005000000
0555555555555005555555555550
0500005000005005000005000050
0500005000005005000005000050
0555005555555555555555005550
0005005005000000005005005000
0005005005000000005005005000
0555555005555005555005555550
0500000000005005000000000050
0500000000005005000000000050
0555555555555555555555555550
0000000000000000000000000000